Vertex Count: 300

Data:

-1.96679 5.45619 -1.97562 0.4269 0.094342 0 0 -1
1.98445 1.50495 -1.97562 0.578133 0.247953 0 0 -1
-1.96679 1.50495 -1.97562 0.4269 0.247953 0 0 -1
1.98445 5.45619 -1.97562 0.578133 0.094342 0 0 -1
1.98445 1.50495 -1.97562 0.578133 0.247953 0 0 -1
-1.96679 5.45619 -1.97562 0.4269 0.094342 0 0 -1
-1.96679 5.45619 1.97562 0.348867 -0.876059 0 1 -0
1.98445 5.45619 -1.97562 0.678347 -0.546579 0 1 -0
-1.96679 5.45619 -1.97562 0.348867 -0.546579 0 1 -0
1.98445 5.45619 1.97562 0.678347 -0.876059 0 1 -0
1.98445 5.45619 -1.97562 0.678347 -0.546579 0 1 -0
-1.96679 5.45619 1.97562 0.348867 -0.876059 0 1 -0
-1.96679 1.50495 1.97562 0.269331 0.247953 0 0 1
1.98445 5.45619 1.97562 0.113681 0.094342 0 0 1
-1.96679 5.45619 1.97562 0.269331 0.094342 0 0 1
1.98445 1.50495 1.97562 0.113681 0.247953 0 0 1
1.98445 5.45619 1.97562 0.113681 0.094342 0 0 1
-1.96679 1.50495 1.97562 0.269331 0.247953 0 0 1
-1.96679 1.50495 -1.97562 0.4269 0.247953 0 -1 -0
1.98445 1.50495 1.97562 0.578133 0.40437 0 -1 -0
-1.96679 1.50495 1.97562 0.4269 0.404369 0 -1 -0
1.98445 1.50495 -1.97562 0.578133 0.247953 0 -1 -0
1.98445 1.50495 1.97562 0.578133 0.40437 0 -1 -0
-1.96679 1.50495 -1.97562 0.4269 0.247953 0 -1 -0
1.98445 5.45619 -1.97562 0.578133 0.094342 1 0 -0
1.98445 1.50495 1.97562 0.734065 0.247953 1 0 -0
1.98445 1.50495 -1.97562 0.578133 0.247953 1 0 -0
1.98445 5.45619 1.97562 0.734065 0.094342 1 0 -0
1.98445 1.50495 1.97562 0.734065 0.247953 1 0 -0
1.98445 5.45619 -1.97562 0.578133 0.094342 1 0 -0
-1.96679 5.45619 1.97562 0.269331 0.094342 -1 0 -0
-1.96679 1.50495 -1.97562 0.4269 0.247953 -1 0 -0
-1.96679 1.50495 1.97562 0.269331 0.247953 -1 0 -0
-1.96679 5.45619 -1.97562 0.4269 0.094342 -1 0 -0
-1.96679 1.50495 -1.97562 0.4269 0.247953 -1 0 -0
-1.96679 5.45619 1.97562 0.269331 0.094342 -1 0 -0
-1.96679 0.066195 1.97562 0.269331 0.396917 0 0 1
1.98445 1.50495 1.97562 0.113681 0.248037 0 0 1
-1.96679 1.50495 1.97562 0.269331 0.248037 0 0 1
1.98445 0.066195 1.97562 0.113681 0.396917 0 0 1
1.98445 1.50495 1.97562 0.113681 0.248037 0 0 1
-1.96679 0.066195 1.97562 0.269331 0.396917 0 0 1
-3.46755 5.45619 -0.750379 0.555908 0.563131 0 0 -1
-1.96679 2.6454 -0.750379 0.605501 0.67446 0 0 -1
-3.46755 2.6454 -0.750379 0.555908 0.67446 0 0 -1
-1.96679 5.45619 -0.750379 0.605501 0.563131 0 0 -1
-1.96679 2.6454 -0.750379 0.605501 0.67446 0 0 -1
-3.46755 5.45619 -0.750379 0.555908 0.563131 0 0 -1
-3.46755 5.45619 0.750379 0.001891 0.668528 0 1 -0
-1.96679 5.45619 -0.750379 0.33137 0.998008 0 1 -0
-3.46755 5.45619 -0.750379 0.001891 0.998008 0 1 -0
-1.96679 5.45619 0.750379 0.189361 0.777994 0 1 -0
-1.96679 5.45619 -0.750379 0.33137 0.998008 0 1 -0
-3.46755 5.45619 0.750379 0.001891 0.668528 0 1 -0
-3.46755 2.6454 0.750379 0.49817 0.67446 0 0 1
-1.96679 5.45619 0.750379 0.441655 0.563131 0 0 1
-3.46755 5.45619 0.750379 0.49817 0.563131 0 0 1
-1.96679 2.6454 0.750379 0.441655 0.67446 0 0 1
-1.96679 5.45619 0.750379 0.441655 0.563131 0 0 1
-3.46755 2.6454 0.750379 0.49817 0.67446 0 0 1
-3.46755 2.6454 -0.750379 0.555908 0.67446 0 -1 -0
-1.96679 2.6454 0.750379 0.49817 0.733175 0 -1 -0
-3.46755 2.6454 0.750379 0.49817 0.67446 0 -1 -0
-1.96679 2.6454 -0.750379 0.555908 0.733175 0 -1 -0
-1.96679 2.6454 0.750379 0.49817 0.733175 0 -1 -0
-3.46755 2.6454 -0.750379 0.555908 0.67446 0 -1 -0
-1.96679 5.45619 -0.750379 0.976724 0.252421 1 0 -0
-1.96679 2.6454 0.750379 0.617659 0.66474 1 0 -0
-1.96679 2.6454 -0.750379 0.617659 0.33526 1 0 -0
-1.96679 5.45619 0.750379 0.947139 0.66474 1 0 -0
-1.96679 2.6454 0.750379 0.617659 0.66474 1 0 -0
-1.96679 5.45619 -0.750379 0.976724 0.252421 1 0 -0
-3.46755 5.45619 0.750379 0.49817 0.563131 -1 0 -0
-3.46755 2.6454 -0.750379 0.555908 0.67446 -1 0 -0
-3.46755 2.6454 0.750379 0.49817 0.67446 -1 0 -0
-3.46755 5.45619 -0.750379 0.555908 0.563131 -1 0 -0
-3.46755 2.6454 -0.750379 0.555908 0.67446 -1 0 -0
-3.46755 5.45619 0.750379 0.49817 0.563131 -1 0 -0
-1.44045 1.50495 -1.4495 0.652899 0.845814 0 0 -1
1.45811 -0.018485 -1.4495 0.767948 0.903881 0 0 -1
-1.44045 -0.018485 -1.4495 0.6529 0.903881 0 0 -1
1.45811 1.50495 -1.4495 0.767948 0.845814 0 0 -1
1.45811 -0.018485 -1.4495 0.767948 0.903881 0 0 -1
-1.44045 1.50495 -1.4495 0.652899 0.845814 0 0 -1
-1.44045 1.50495 1.4495 0.00189 0.668528 0 1 -0
1.45811 1.50495 -1.4495 0.33137 0.998008 0 1 -0
-1.44045 1.50495 -1.4495 0.00189 0.998008 0 1 -0
1.45811 1.50495 1.4495 0.33137 0.668528 0 1 -0
1.45811 1.50495 -1.4495 0.33137 0.998008 0 1 -0
-1.44045 1.50495 1.4495 0.00189 0.668528 0 1 -0
-1.44045 -0.018485 1.4495 0.53571 0.903881 0 0 1
1.45811 1.50495 1.4495 0.421229 0.845814 0 0 1
-1.44045 1.50495 1.4495 0.535709 0.845814 0 0 1
1.45811 -0.018485 1.4495 0.42123 0.903881 0 0 1
1.45811 1.50495 1.4495 0.421229 0.845814 0 0 1
-1.44045 -0.018485 1.4495 0.53571 0.903881 0 0 1
-1.44045 -0.018485 -1.4495 0.190527 0.159135 0 -1 -0
1.45811 -0.018485 1.4495 0.11456 0.235102 0 -1 -0
-1.44045 -0.018485 1.4495 0.11456 0.159135 0 -1 -0
1.45811 -0.018485 -1.4495 0.190527 0.235102 0 -1 -0
1.45811 -0.018485 1.4495 0.11456 0.235102 0 -1 -0
-1.44045 -0.018485 -1.4495 0.190527 0.159135 0 -1 -0
1.45811 1.50495 -1.4495 0.767948 0.845814 1 0 -0
1.45811 -0.018485 1.4495 0.846727 0.903881 1 0 -0
1.45811 -0.018485 -1.4495 0.767948 0.903881 1 0 -0
1.45811 1.50495 1.4495 0.84697 0.845814 1 0 -0
1.45811 -0.018485 1.4495 0.846727 0.903881 1 0 -0
1.45811 1.50495 -1.4495 0.767948 0.845814 1 0 -0
-1.44045 1.50495 1.4495 0.535709 0.845814 -1 0 -0
-1.44045 -0.018485 -1.4495 0.6529 0.903881 -1 0 -0
-1.44045 -0.018485 1.4495 0.53571 0.903881 -1 0 -0
-1.44045 1.50495 -1.4495 0.652899 0.845814 -1 0 -0
-1.44045 -0.018485 -1.4495 0.6529 0.903881 -1 0 -0
-1.44045 1.50495 1.4495 0.535709 0.845814 -1 0 -0
1.97547 5.45619 -0.750379 0.718815 0.563652 0 0 -1
3.47623 2.6454 -0.750379 0.776695 0.673773 0 0 -1
1.97547 2.6454 -0.750379 0.718815 0.673773 0 0 -1
3.47623 5.45619 -0.750379 0.776695 0.563652 0 0 -1
3.47623 2.6454 -0.750379 0.776695 0.673773 0 0 -1
1.97547 5.45619 -0.750379 0.718815 0.563652 0 0 -1
1.97547 5.45619 0.750379 0.001891 0.668528 0 1 -0
3.47623 5.45619 -0.750379 0.33137 0.998008 0 1 -0
1.97547 5.45619 -0.750379 0.001891 0.998008 0 1 -0
3.47623 5.45619 0.750379 0.33137 0.668528 0 1 -0
3.47623 5.45619 -0.750379 0.33137 0.998008 0 1 -0
1.97547 5.45619 0.750379 0.001891 0.668528 0 1 -0
1.97547 2.6454 0.750379 0.892295 0.673773 0 0 1
3.47623 5.45619 0.750379 0.835498 0.563652 0 0 1
1.97547 5.45619 0.750379 0.892295 0.563652 0 0 1
3.47623 2.6454 0.750379 0.835498 0.673773 0 0 1
3.47623 5.45619 0.750379 0.835498 0.563652 0 0 1
1.97547 2.6454 0.750379 0.892295 0.673773 0 0 1
1.97547 2.6454 -0.750379 0.776695 0.733244 0 -1 -0
3.47623 2.6454 0.750379 0.835498 0.673773 0 -1 -0
1.97547 2.6454 0.750379 0.835498 0.733244 0 -1 -0
3.47623 2.6454 -0.750379 0.776695 0.673773 0 -1 -0
3.47623 2.6454 0.750379 0.835498 0.673773 0 -1 -0
1.97547 2.6454 -0.750379 0.776695 0.733244 0 -1 -0
3.47623 5.45619 -0.750379 0.776695 0.563652 1 0 -0
3.47623 2.6454 0.750379 0.835498 0.673773 1 0 -0
3.47623 2.6454 -0.750379 0.776695 0.673773 1 0 -0
3.47623 5.45619 0.750379 0.835498 0.563652 1 0 -0
3.47623 2.6454 0.750379 0.835498 0.673773 1 0 -0
3.47623 5.45619 -0.750379 0.776695 0.563652 1 0 -0
1.97547 5.45619 0.750379 0.892295 0.563652 -1 0 -0
1.97547 2.6454 -0.750379 0.930417 0.673773 -1 0 -0
1.97547 2.6454 0.750379 0.892295 0.673773 -1 0 -0
1.97547 5.45619 -0.750379 0.930417 0.563652 -1 0 -0
1.97547 2.6454 -0.750379 0.930417 0.673773 -1 0 -0
1.97547 5.45619 0.750379 0.892295 0.563652 -1 0 -0
0 0 1.21072e-042 1.4013e-045 2.38221e-043 0 0 5.04467e-042
9.88057e-032 5.46576e-039 5.46768e-039 9.88051e-032 5.4664e-039 9.88045e-032 5.46768e-039 3.9086e-039
-4.22017e+037 -1.9984e+018 916519 -4.22017e+037 -1.9984e+018 -4.22017e+037 -1.9984e+018 -4.43212e+030
1.4013e-045 2.36819e-043 -4.22017e+037 0 0 1.4013e-045 2.39622e-043 -4.22017e+037
9.88057e-032 5.46576e-039 5.46768e-039 9.88051e-032 5.4664e-039 9.88045e-032 5.46768e-039 3.9086e-039
0 0 1.21072e-042 1.4013e-045 2.38221e-043 0 0 5.04467e-042
0.4269 0.247953 -4.31602e+008 0 0 4.2039e-045 2.8026e-045 1.4013e-045
1.4013e-045 2.36819e-043 -4.22017e+037 0 0 5.60519e-045 2.8026e-045 1.4013e-045
0 0 1.21072e-042 0 0 4.2039e-045 2.8026e-045 1.4013e-045
0.578133 0.247953 -4.31602e+008 0 0 5.60519e-045 2.8026e-045 4.2039e-045
1.4013e-045 2.36819e-043 -4.22017e+037 0 0 5.60519e-045 2.8026e-045 1.4013e-045
0.4269 0.247953 -4.31602e+008 0 0 4.2039e-045 2.8026e-045 1.4013e-045
0.578133 0.094342 -4.31602e+008 0 1 7.00649e-045 5.60519e-045 4.2039e-045
0.578133 0.247953 -4.31602e+008 0 1 5.60519e-045 2.8026e-045 4.2039e-045
0.4269 0.247953 -4.31602e+008 0 1 4.2039e-045 2.8026e-045 5.60519e-045
0.4269 0.094342 -4.31602e+008 0 1 1.12104e-044 8.40779e-045 7.00649e-045
0.578133 0.247953 -4.31602e+008 0 1 5.60519e-045 2.8026e-045 4.2039e-045
0.578133 0.094342 -4.31602e+008 0 1 7.00649e-045 5.60519e-045 4.2039e-045
-4.22017e+037 -1.9984e+018 916519 -4.22017e+037 -1.9984e+018 9.80909e-045 8.40779e-045 1.12104e-044
0.4269 0.094342 -4.31602e+008 0 0 8.40779e-045 5.60519e-045 7.00649e-045
0.578133 0.094342 -4.31602e+008 0 0 9.80909e-045 8.40779e-045 7.00649e-045
9.88057e-032 5.46576e-039 5.46768e-039 9.88051e-032 5.4664e-039 1.12104e-044 8.40779e-045 9.80909e-045
0.4269 0.094342 -4.31602e+008 0 0 8.40779e-045 5.60519e-045 7.00649e-045
-4.22017e+037 -1.9984e+018 916519 -4.22017e+037 -1.9984e+018 9.80909e-045 8.40779e-045 1.12104e-044
1.4013e-045 2.36819e-043 -4.22017e+037 0 0 1.54143e-044 1.4013e-044 1.26117e-044
0.4269 0.094342 -4.31602e+008 0 0 1.68156e-044 1.4013e-044 1.26117e-044
9.88057e-032 5.46576e-039 5.46768e-039 9.88051e-032 5.4664e-039 9.80909e-045 8.40779e-045 7.00649e-045
0.578133 0.247953 -4.31602e+008 0 0 1.12104e-044 8.40779e-045 9.80909e-045
0.4269 0.094342 -4.31602e+008 0 0 1.68156e-044 1.4013e-044 1.26117e-044
1.4013e-045 2.36819e-043 -4.22017e+037 0 0 1.54143e-044 1.4013e-044 1.26117e-044
0.4269 0.247953 -4.31602e+008 0 1 1.4013e-045 1.12104e-044 9.80909e-045
-4.22017e+037 -1.9984e+018 916519 -4.22017e+037 -1.9984e+018 1.68156e-044 1.4013e-044 1.54143e-044
0.578133 0.094342 -4.31602e+008 0 1 1.54143e-044 1.4013e-044 1.68156e-044
0 0 1.21072e-042 1.4013e-045 2.38221e-043 1.4013e-045 1.96182e-044 1.82169e-044
-4.22017e+037 -1.9984e+018 916519 -4.22017e+037 -1.9984e+018 1.68156e-044 1.4013e-044 1.54143e-044
0.4269 0.247953 -4.31602e+008 0 1 1.4013e-045 1.12104e-044 9.80909e-045
0.348867 -0.546579 -4.31602e+008 0 -1 2.8026e-045 1.96182e-044 1.4013e-045
0.4269 0.094342 -4.31602e+008 0 -1 2.8026e-045 1.12104e-044 1.4013e-045
0.578133 0.094342 -4.31602e+008 0 -1 2.10195e-044 1.96182e-044 1.82169e-044
0.678347 -0.546579 -4.31602e+008 0 -1 2.24208e-044 1.96182e-044 2.10195e-044
0.4269 0.094342 -4.31602e+008 0 -1 2.8026e-045 1.12104e-044 1.4013e-045
0.348867 -0.546579 -4.31602e+008 0 -1 2.8026e-045 1.96182e-044 1.4013e-045
0.269331 0.094342 -4.31602e+008 1 0 2.66247e-044 2.52234e-044 2.38221e-044
0.348867 -0.876059 -4.31602e+008 1 0 4.2039e-045 2.10195e-044 2.8026e-045
0.678347 -0.876059 -4.31602e+008 1 0 5.60519e-045 1.12104e-044 2.8026e-045
0.113681 0.094342 -4.31602e+008 1 0 8.40779e-045 1.12104e-044 5.60519e-045
0.348867 -0.876059 -4.31602e+008 1 0 4.2039e-045 2.10195e-044 2.8026e-045
0.269331 0.094342 -4.31602e+008 1 0 2.66247e-044 2.52234e-044 2.38221e-044
0.113681 0.247953 -4.31602e+008 -1 0 7.00649e-045 1.4013e-045 9.80909e-045
0.113681 0.094342 -4.31602e+008 -1 0 2.8026e-044 2.52234e-044 2.66247e-044
0.269331 0.094342 -4.31602e+008 -1 0 2.24208e-044 2.10195e-044 4.2039e-045
0.269331 0.247953 -4.31602e+008 -1 0 1.26117e-044 1.4013e-045 1.68156e-044
0.113681 0.094342 -4.31602e+008 -1 0 2.8026e-044 2.52234e-044 2.66247e-044
0.113681 0.247953 -4.31602e+008 -1 0 7.00649e-045 1.4013e-045 9.80909e-045
0.4269 0.404369 -4.31602e+008 0 0 5.60519e-045 1.4013e-045 1.26117e-044
0.269331 0.247953 -4.31602e+008 0 0 4.2039e-045 1.4013e-045 7.00649e-045
0.113681 0.247953 -4.31602e+008 0 0 3.22299e-044 3.08286e-044 2.94273e-044
0.578133 0.40437 -4.31602e+008 0 0 3.36312e-044 3.08286e-044 3.22299e-044
0.269331 0.247953 -4.31602e+008 0 0 4.2039e-045 1.4013e-045 7.00649e-045
0.4269 0.404369 -4.31602e+008 0 0 5.60519e-045 1.4013e-045 1.26117e-044
0.678347 -0.876059 -4.31602e+008 1 0 3.78351e-044 3.64338e-044 3.50325e-044
0.578133 0.40437 -4.31602e+008 0 0 2.8026e-044 2.52234e-044 2.38221e-044
0.4269 0.404369 -4.31602e+008 0 0 1.26117e-044 1.12104e-044 9.80909e-045
0.348867 -0.876059 -4.31602e+008 0 0 1.4013e-044 1.12104e-044 1.26117e-044
0.578133 0.40437 -4.31602e+008 0 0 2.8026e-044 2.52234e-044 2.38221e-044
0.678347 -0.876059 -4.31602e+008 1 0 3.78351e-044 3.64338e-044 3.50325e-044
0.113681 0.094342 -4.31602e+008 0 1 1.82169e-044 1.68156e-044 1.54143e-044
0.578133 0.40437 -4.31602e+008 0 0 3.92364e-044 3.64338e-044 3.78351e-044
0.348867 -0.876059 -4.31602e+008 0 0 2.66247e-044 2.52234e-044 2.8026e-044
0.269331 0.247953 -4.31602e+008 0 1 3.36312e-044 3.08286e-044 2.94273e-044
0.578133 0.40437 -4.31602e+008 0 0 3.92364e-044 3.64338e-044 3.78351e-044
0.113681 0.094342 -4.31602e+008 0 1 1.82169e-044 1.68156e-044 1.54143e-044
0.113681 0.247953 -4.31602e+008 0 0 3.22299e-044 3.08286e-044 3.36312e-044
0.678347 -0.876059 -4.31602e+008 1 0 1.96182e-044 1.68156e-044 1.82169e-044
0.4269 0.404369 -4.31602e+008 0 0 4.34403e-044 4.2039e-044 4.06377e-044
0.269331 0.094342 -4.31602e+008 1 0 4.48416e-044 4.2039e-044 4.34403e-044
0.678347 -0.876059 -4.31602e+008 1 0 1.96182e-044 1.68156e-044 1.82169e-044
0.113681 0.247953 -4.31602e+008 0 0 3.22299e-044 3.08286e-044 3.36312e-044
0.269331 0.248037 -4.31602e+008 0 0 4.90454e-044 4.76441e-044 4.62428e-044
0.734065 0.094342 -4.31602e+008 0 1 3.92364e-044 3.64338e-044 3.50325e-044
0.734065 0.247953 -4.31602e+008 0 1 2.10195e-044 1.96182e-044 1.82169e-044
0.113681 0.248037 -4.31602e+008 0 0 2.24208e-044 1.96182e-044 2.10195e-044
0.734065 0.094342 -4.31602e+008 0 1 3.92364e-044 3.64338e-044 3.50325e-044
0.269331 0.248037 -4.31602e+008 0 0 4.90454e-044 4.76441e-044 4.62428e-044
0.113681 0.396917 -4.31602e+008 0 -1 2.38221e-044 2.24208e-044 2.10195e-044
0.113681 0.248037 -4.31602e+008 0 0 5.04467e-044 4.76441e-044 4.90454e-044
0.269331 0.248037 -4.31602e+008 0 0 3.78351e-044 3.64338e-044 3.92364e-044
0.269331 0.396917 -4.31602e+008 0 -1 4.48416e-044 4.2039e-044 4.06377e-044
0.113681 0.248037 -4.31602e+008 0 0 5.04467e-044 4.76441e-044 4.90454e-044
0.113681 0.396917 -4.31602e+008 0 -1 2.38221e-044 2.24208e-044 2.10195e-044
0.555908 0.67446 -4.31602e+008 1 0 4.34403e-044 4.2039e-044 4.48416e-044
0.269331 0.396917 -4.31602e+008 0 -1 2.52234e-044 2.24208e-044 2.38221e-044
0.113681 0.396917 -4.31602e+008 0 -1 5.46506e-044 5.32493e-044 5.1848e-044
0.605501 0.67446 -4.31602e+008 1 0 5.60519e-044 5.32493e-044 5.46506e-044
0.269331 0.396917 -4.31602e+008 0 -1 2.52234e-044 2.24208e-044 2.38221e-044
0.555908 0.67446 -4.31602e+008 1 0 4.34403e-044 4.2039e-044 4.48416e-044
0.734065 0.247953 -4.31602e+008 -1 0 6.02558e-044 5.88545e-044 5.74532e-044
0.605501 0.67446 -4.31602e+008 1 0 2.94273e-044 4.62428e-044 4.48416e-044
0.555908 0.67446 -4.31602e+008 1 0 1.54143e-044 2.52234e-044 2.38221e-044
0.734065 0.094342 -4.31602e+008 -1 0 1.68156e-044 2.52234e-044 1.54143e-044
0.605501 0.67446 -4.31602e+008 1 0 2.94273e-044 4.62428e-044 4.48416e-044
0.734065 0.247953 -4.31602e+008 -1 0 6.02558e-044 5.88545e-044 5.74532e-044
0.113681 0.248037 -4.31602e+008 0 0 1.96182e-044 2.52234e-044 1.68156e-044
0.605501 0.67446 -4.31602e+008 -1 0 6.16571e-044 5.88545e-044 6.02558e-044
0.734065 0.094342 -4.31602e+008 0 1 4.76441e-044 4.62428e-044 2.94273e-044
0.269331 0.396917 -4.31602e+008 -1 0 5.32493e-044 5.04467e-044 4.90454e-044
0.605501 0.67446 -4.31602e+008 -1 0 6.16571e-044 5.88545e-044 6.02558e-044
0.113681 0.248037 -4.31602e+008 0 0 1.96182e-044 2.52234e-044 1.68156e-044
0.113681 0.396917 -4.31602e+008 0 -1 5.1848e-044 5.04467e-044 5.32493e-044
0.734065 0.247953 -4.31602e+008 0 1 2.24208e-044 2.52234e-044 1.96182e-044
0.555908 0.67446 -4.31602e+008 1 0 6.5861e-044 6.44597e-044 6.30584e-044
0.269331 0.248037 -4.31602e+008 0 0 6.72623e-044 6.44597e-044 6.5861e-044
0.734065 0.247953 -4.31602e+008 0 1 2.24208e-044 2.52234e-044 1.96182e-044
0.113681 0.396917 -4.31602e+008 0 -1 5.1848e-044 5.04467e-044 5.32493e-044
0.001891 0.998008 -4.31602e+008 0 0 7.14662e-044 7.00649e-044 6.86636e-044
0.555908 0.563131 -4.31602e+008 0 0 4.06377e-044 2.94273e-044 4.48416e-044
0.605501 0.563131 -4.31602e+008 0 0 2.10195e-044 1.54143e-044 2.38221e-044
0.33137 0.998008 -4.31602e+008 0 0 1.82169e-044 1.54143e-044 2.10195e-044
0.555908 0.563131 -4.31602e+008 0 0 4.06377e-044 2.94273e-044 4.48416e-044
0.001891 0.998008 -4.31602e+008 0 0 7.14662e-044 7.00649e-044 6.86636e-044
0.189361 0.777994 -4.31602e+008 0 1 2.94273e-044 2.8026e-044 2.66247e-044
0.33137 0.998008 -4.31602e+008 0 1 7.28675e-044 7.00649e-044 7.14662e-044
0.001891 0.998008 -4.31602e+008 0 1 3.36312e-044 2.94273e-044 4.06377e-044
0.001891 0.668528 -4.31602e+008 0 1 5.88545e-044 5.60519e-044 5.46506e-044
0.33137 0.998008 -4.31602e+008 0 1 7.28675e-044 7.00649e-044 7.14662e-044
0.189361 0.777994 -4.31602e+008 0 1 2.94273e-044 2.8026e-044 2.66247e-044
0.49817 0.563131 -4.31602e+008 0 0 5.74532e-044 5.60519e-044 5.88545e-044
0.001891 0.668528 -4.31602e+008 0 0 3.08286e-044 2.8026e-044 2.94273e-044
0.189361 0.777994 -4.31602e+008 0 0 7.70714e-044 7.56701e-044 7.42688e-044
0.441655 0.563131 -4.31602e+008 0 0 7.84727e-044 7.56701e-044 7.70714e-044
0.001891 0.668528 -4.31602e+008 0 0 3.08286e-044 2.8026e-044 2.94273e-044
0.49817 0.563131 -4.31602e+008 0 0 5.74532e-044 5.60519e-044 5.88545e-044
0.605501 0.563131 -4.31602e+008 0 -1 8.26766e-044 8.12753e-044 7.9874e-044
0.441655 0.563131 -4.31602e+008 0 0 6.44597e-044 6.16571e-044 6.02558e-044
0.49817 0.563131 -4.31602e+008 0 -1 3.22299e-044 3.08286e-044 2.94273e-044
0.555908 0.563131 -4.31602e+008 0 0 3.36312e-044 3.08286e-044 3.22299e-044
0.441655 0.563131 -4.31602e+008 0 0 6.44597e-044 6.16571e-044 6.02558e-044
0.605501 0.563131 -4.31602e+008 0 -1 8.26766e-044 8.12753e-044 7.9874e-044
0.33137 0.998008 -4.31602e+008 0 0 3.50325e-044 3.36312e-044 3.22299e-044
0.441655 0.563131 -4.31602e+008 0 0 8.40779e-044 8.12753e-044 8.26766e-044
0.555908 0.563131 -4.31602e+008 0 0 6.30584e-044 6.16571e-044 6.44597e-044
0.001891 0.668528 -4.31602e+008 0 0 7.00649e-044 6.72623e-044 6.5861e-044
0.441655 0.563131 -4.31602e+008 0 0 8.40779e-044 8.12753e-044 8.26766e-044
0.33137 0.998008 -4.31602e+008 0 0 3.50325e-044 3.36312e-044 3.22299e-044
0.189361 0.777994 -4.31602e+008 0 0 6.86636e-044 6.72623e-044 7.00649e-044
0.605501 0.563131 -4.31602e+008 0 -1 3.64338e-044 3.36312e-044 3.50325e-044
0.49817 0.563131 -4.31602e+008 0 0 8.82818e-044 8.68805e-044 8.54792e-044
0.001891 0.998008 -4.31602e+008 0 -1 8.96831e-044 8.68805e-044 8.82818e-044
0.605501 0.563131 -4.31602e+008 0 -1 3.64338e-044 3.36312e-044 3.50325e-044
0.189361 0.777994 -4.31602e+008 0 0 6.86636e-044 6.72623e-044 7.00649e-044
