Vertex Count: 636

Data:

-3.06173 7.5873 -3.0664 0.549911 0.622631 0 0 -1
3.07939 5.45619 -3.0664 0.752186 0.703788 0 0 -1
-3.06173 5.45619 -3.0664 0.549911 0.703788 0 0 -1
3.07939 7.5873 -3.0664 0.752186 0.622631 0 0 -1
3.07939 5.45619 -3.0664 0.752186 0.703788 0 0 -1
-3.06173 7.5873 -3.0664 0.549911 0.622631 0 0 -1
-3.06173 5.45619 3.0664 0.346836 0.703788 0 0 1
3.07939 7.5873 3.0664 0.144361 0.622631 0 0 1
-3.06173 7.5873 3.0664 0.346836 0.622631 0 0 1
3.07939 5.45619 3.0664 0.144352 0.703788 0 0 1
3.07939 7.5873 3.0664 0.144361 0.622631 0 0 1
-3.06173 5.45619 3.0664 0.346836 0.703788 0 0 1
-3.06173 5.45619 -3.0664 0.549911 0.703788 0 -1 -0
3.07939 5.45619 3.0664 0.752186 0.909666 0 -1 -0
-3.06173 5.45619 3.0664 0.549911 0.909666 0 -1 -0
3.07939 5.45619 -3.0664 0.752186 0.703788 0 -1 -0
3.07939 5.45619 3.0664 0.752186 0.909666 0 -1 -0
-3.06173 5.45619 -3.0664 0.549911 0.703788 0 -1 -0
3.07939 7.5873 -3.0664 0.752186 0.622631 1 0 -0
3.07939 5.45619 3.0664 0.956526 0.703788 1 0 -0
3.07939 5.45619 -3.0664 0.752186 0.703788 1 0 -0
3.07939 7.5873 3.0664 0.956527 0.622631 1 0 -0
3.07939 5.45619 3.0664 0.956526 0.703788 1 0 -0
3.07939 7.5873 -3.0664 0.752186 0.622631 1 0 -0
-3.06173 7.5873 3.0664 0.346836 0.622631 -1 0 -0
-3.06173 5.45619 -3.0664 0.549911 0.703788 -1 0 -0
-3.06173 5.45619 3.0664 0.346836 0.703788 -1 0 -0
-3.06173 7.5873 -3.0664 0.549911 0.622631 -1 0 -0
-3.06173 5.45619 -3.0664 0.549911 0.703788 -1 0 -0
-3.06173 7.5873 3.0664 0.346836 0.622631 -1 0 -0
-3.06173 7.58751 3.0664 0.346836 0.622626 -0.999576 0.029135 -0
-3.06173 7.5873 -3.0664 0.549911 0.622631 -1 0 -0
-3.06173 7.5873 3.0664 0.346836 0.622631 -1 0 -0
-3.06173 7.58751 -3.0664 0.549911 0.622626 -0.99847 0.055306 0.000207
-3.06173 7.5873 -3.0664 0.549911 0.622631 -1 0 -0
-3.06173 7.58751 3.0664 0.346836 0.622626 -0.999576 0.029135 -0
-3.06173 7.5873 3.0664 0.346836 0.622631 0 0 1
3.07939 7.58751 3.0664 0.144361 0.622626 0 0.043706 0.999044
-3.06173 7.58751 3.0664 0.346836 0.622626 0 0.043706 0.999044
3.07939 7.5873 3.0664 0.144361 0.622631 0 0 1
3.07939 7.58751 3.0664 0.144361 0.622626 0 0.043706 0.999044
-3.06173 7.5873 3.0664 0.346836 0.622631 0 0 1
3.07939 7.58751 -3.0664 0.752186 0.622626 0.999139 0.041483 0.000155
3.07939 7.5873 3.0664 0.956527 0.622631 1 0 -0
3.07939 7.5873 -3.0664 0.752186 0.622631 1 0 -0
3.07939 7.58751 3.0664 0.956527 0.622626 0.999044 0.043706 -0
3.07939 7.5873 3.0664 0.956527 0.622631 1 0 -0
3.07939 7.58751 -3.0664 0.752186 0.622626 0.999139 0.041483 0.000155
-3.06173 7.58751 -3.0664 0.549911 0.622626 0 0 -1
3.07939 7.5873 -3.0664 0.752186 0.622631 0 0 -1
-3.06173 7.5873 -3.0664 0.549911 0.622631 0 0 -1
-3.0355 7.92086 -3.0664 0.550775 0.613981 -0 0 -1
3.07939 7.5873 -3.0664 0.752186 0.622631 0 0 -1
-3.06173 7.58751 -3.0664 0.549911 0.622626 0 0 -1
-2.95744 8.246 -3.0664 0.553346 0.605549 0 0 -1
3.07939 7.5873 -3.0664 0.752186 0.622631 0 0 -1
-3.0355 7.92086 -3.0664 0.550775 0.613981 -0 0 -1
-2.82948 8.55492 -3.0664 0.557561 0.597537 -0 0 -1
3.07939 7.5873 -3.0664 0.752186 0.622631 0 0 -1
-2.95744 8.246 -3.0664 0.553346 0.605549 0 0 -1
-2.65477 8.84002 -3.0664 0.563316 0.590143 -0 0 -1
3.07939 7.5873 -3.0664 0.752186 0.622631 0 0 -1
-2.82948 8.55492 -3.0664 0.557561 0.597537 -0 0 -1
-2.43761 9.09428 -3.0664 0.570468 0.583549 -0 0 -1
3.07939 7.5873 -3.0664 0.752186 0.622631 0 0 -1
-2.65477 8.84002 -3.0664 0.563316 0.590143 -0 0 -1
-2.18334 9.31144 -3.0664 0.578843 0.577918 -0 0 -1
3.07939 7.5873 -3.0664 0.752186 0.622631 0 0 -1
-2.43761 9.09428 -3.0664 0.570468 0.583549 -0 0 -1
-1.89824 9.48616 -3.0664 0.588234 0.573387 0 0 -1
3.07939 7.5873 -3.0664 0.752186 0.622631 0 0 -1
-2.18334 9.31144 -3.0664 0.578843 0.577918 -0 0 -1
-1.58932 9.61412 -3.0664 0.598409 0.570068 0 0 -1
3.07939 7.5873 -3.0664 0.752186 0.622631 0 0 -1
-1.89824 9.48616 -3.0664 0.588234 0.573387 0 0 -1
-1.26418 9.69217 -3.0664 0.609119 0.568044 0 0 -1
3.07939 7.5873 -3.0664 0.752186 0.622631 0 0 -1
-1.58932 9.61412 -3.0664 0.598409 0.570068 0 0 -1
-0.930834 9.71841 -3.0664 0.620098 0.567363 0 0 -1
3.07939 7.5873 -3.0664 0.752186 0.622631 0 0 -1
-1.26418 9.69217 -3.0664 0.609119 0.568044 0 0 -1
0.948494 9.71841 -3.0664 0.681999 0.567363 -0 0 -1
3.07939 7.5873 -3.0664 0.752186 0.622631 0 0 -1
-0.930834 9.71841 -3.0664 0.620098 0.567363 0 0 -1
1.28184 9.69217 -3.0664 0.692979 0.568044 -0 0 -1
3.07939 7.5873 -3.0664 0.752186 0.622631 0 0 -1
0.948494 9.71841 -3.0664 0.681999 0.567363 -0 0 -1
1.60698 9.61412 -3.0664 0.703688 0.570068 -0 0 -1
3.07939 7.5873 -3.0664 0.752186 0.622631 0 0 -1
1.28184 9.69217 -3.0664 0.692979 0.568044 -0 0 -1
1.9159 9.48616 -3.0664 0.713863 0.573387 -0 0 -1
3.07939 7.5873 -3.0664 0.752186 0.622631 0 0 -1
1.60698 9.61412 -3.0664 0.703688 0.570068 -0 0 -1
2.201 9.31144 -3.0664 0.723254 0.577918 0 0 -1
3.07939 7.5873 -3.0664 0.752186 0.622631 0 0 -1
1.9159 9.48616 -3.0664 0.713863 0.573387 -0 0 -1
2.45527 9.09428 -3.0664 0.731629 0.583549 1e-006 0 -1
3.07939 7.5873 -3.0664 0.752186 0.622631 0 0 -1
2.201 9.31144 -3.0664 0.723254 0.577918 0 0 -1
2.67243 8.84002 -3.0664 0.738782 0.590143 1e-006 0 -1
3.07939 7.5873 -3.0664 0.752186 0.622631 0 0 -1
2.45527 9.09428 -3.0664 0.731629 0.583549 1e-006 0 -1
2.84714 8.55492 -3.0664 0.744536 0.597537 0 0 -1
3.07939 7.5873 -3.0664 0.752186 0.622631 0 0 -1
2.67243 8.84002 -3.0664 0.738782 0.590143 1e-006 0 -1
2.84714 8.55492 -3.0664 0.744536 0.597537 0 0 -1
3.07939 7.58751 -3.0664 0.752186 0.622626 0 0 -1
3.07939 7.5873 -3.0664 0.752186 0.622631 0 0 -1
2.84714 8.55492 -3.0664 0.744536 0.597537 0 0 -1
3.05316 7.92086 -3.0664 0.751322 0.613981 0 0 -1
3.07939 7.58751 -3.0664 0.752186 0.622626 0 0 -1
2.84714 8.55492 -3.0664 0.744536 0.597537 0 0 -1
2.9751 8.246 -3.0664 0.748751 0.605549 0 0 -1
3.05316 7.92086 -3.0664 0.751322 0.613981 0 0 -1
-0.930834 9.71841 -3.0664 0.620098 0.567363 -0.026171 0.999658 -0
0.948494 9.71841 0.935504 0.681999 0.434052 0.024403 0.999674 0.007531
0.948494 9.71841 -3.0664 0.681999 0.567363 0.039259 0.999229 -0
-0.930834 9.71841 0.935504 0.620098 0.434053 -0.024405 0.99958 0.015648
0.948494 9.71841 0.935504 0.681999 0.434052 0.024403 0.999674 0.007531
-0.930834 9.71841 -3.0664 0.620098 0.567363 -0.026171 0.999658 -0
-0.930834 9.71841 0.935504 0.620098 0.434053 -0.024405 0.99958 0.015648
-1.26418 9.69217 -3.0664 0.609119 0.567363 -0.118876 0.992909 -0.001126
-1.21018 9.70707 1.21485 0.610897 0.424747 -0.142701 0.989758 -0.003866
-0.930834 9.71841 -3.0664 0.620098 0.567363 -0.026171 0.999658 -0
-1.26418 9.69217 -3.0664 0.609119 0.567363 -0.118876 0.992909 -0.001126
-0.930834 9.71841 0.935504 0.620098 0.434053 -0.024405 0.99958 0.015648
-1.21018 9.70707 1.21485 0.610897 0.424747 -0.142701 0.989758 -0.003866
-1.58932 9.61412 -3.0664 0.598409 0.567363 -0.256619 0.966506 -0.003717
-1.49155 9.66676 1.49622 0.601629 0.415374 -0.272788 0.962042 -0.007876
-1.26418 9.69217 -3.0664 0.609119 0.567363 -0.118876 0.992909 -0.001126
-1.58932 9.61412 -3.0664 0.598409 0.567363 -0.256619 0.966506 -0.003717
-1.21018 9.70707 1.21485 0.610897 0.424747 -0.142701 0.989758 -0.003866
-1.49155 9.66676 1.49622 0.601629 0.415374 -0.272788 0.962042 -0.007876
-1.89824 9.48616 -3.0664 0.588234 0.567363 -0.398002 0.917361 -0.0066
-1.77259 9.58797 1.77726 0.592373 0.406012 -0.413194 0.910578 -0.010904
-1.58932 9.61412 -3.0664 0.598409 0.567363 -0.256619 0.966506 -0.003717
-1.89824 9.48616 -3.0664 0.588234 0.567363 -0.398002 0.917361 -0.0066
-1.49155 9.66676 1.49622 0.601629 0.415374 -0.272788 0.962042 -0.007876
-1.77259 9.58797 1.77726 0.592373 0.406012 -0.413194 0.910578 -0.010904
-2.18334 9.31144 -3.0664 0.578843 0.567363 -0.536476 0.843875 -0.008349
-2.04823 9.46209 2.0529 0.583294 0.39683 -0.554009 0.832425 -0.011942
-1.89824 9.48616 -3.0664 0.588234 0.567363 -0.398002 0.917361 -0.0066
-2.18334 9.31144 -3.0664 0.578843 0.567363 -0.536476 0.843875 -0.008349
-1.77259 9.58797 1.77726 0.592373 0.406012 -0.413194 0.910578 -0.010904
-2.04823 9.46209 2.0529 0.583294 0.39683 -0.554009 0.832425 -0.011942
-2.43761 9.09428 -3.0664 0.570468 0.567363 -0.665078 0.746727 -0.008422
-2.311 9.2824 2.31567 0.574639 0.388077 -0.685107 0.728361 -0.010922
-2.18334 9.31144 -3.0664 0.578843 0.567363 -0.536476 0.843875 -0.008349
-2.43761 9.09428 -3.0664 0.570468 0.567363 -0.665078 0.746727 -0.008422
-2.04823 9.46209 2.0529 0.583294 0.39683 -0.554009 0.832425 -0.011942
-2.311 9.2824 2.31567 0.371695 0.578671 -0.685107 0.728361 -0.010922
-2.65477 8.84002 -3.0664 0.549911 0.590143 -0.777629 0.628685 -0.006993
-2.55135 9.04513 2.55602 0.363736 0.584824 -0.798264 0.602248 -0.008421
-2.43761 9.09428 -3.0664 0.549911 0.583549 -0.665078 0.746727 -0.008422
-2.65477 8.84002 -3.0664 0.549911 0.590143 -0.777629 0.628685 -0.006993
-2.311 9.2824 2.31567 0.371695 0.578671 -0.685107 0.728361 -0.010922
-2.55135 9.04513 2.55602 0.363736 0.584824 -0.798264 0.602248 -0.008421
-2.82948 8.55492 -3.0664 0.549911 0.597537 -0.869569 0.493789 -0.004681
-2.75825 8.75029 2.76292 0.356885 0.59247 -0.888244 0.459342 -0.005309
-2.65477 8.84002 -3.0664 0.549911 0.590143 -0.777629 0.628685 -0.006993
-2.82948 8.55492 -3.0664 0.549911 0.597537 -0.869569 0.493789 -0.004681
-2.55135 9.04513 2.55602 0.363736 0.584824 -0.798264 0.602248 -0.008421
-2.75825 8.75029 2.76292 0.356885 0.59247 -0.888244 0.459342 -0.005309
-2.95744 8.246 -3.0664 0.549911 0.605549 -0.938089 0.346387 -0.002272
-2.91994 8.40222 2.92461 0.351531 0.601497 -0.952483 0.304582 -0.002445
-2.82948 8.55492 -3.0664 0.549911 0.597537 -0.869569 0.493789 -0.004681
-2.95744 8.246 -3.0664 0.549911 0.605549 -0.938089 0.346387 -0.002272
-2.75825 8.75029 2.76292 0.356885 0.59247 -0.888244 0.459342 -0.005309
-2.91994 8.40222 2.92461 0.351531 0.601497 -0.952483 0.304582 -0.002445
-3.0355 7.92086 -3.0664 0.549911 0.613981 -0.981702 0.190425 -0.00048
-3.02469 8.01 3.02936 0.348062 0.611669 -0.989924 0.141599 -0.00048
-2.95744 8.246 -3.0664 0.549911 0.605549 -0.938089 0.346387 -0.002272
-3.0355 7.92086 -3.0664 0.549911 0.613981 -0.981702 0.190425 -0.00048
-2.91994 8.40222 2.92461 0.351531 0.601497 -0.952483 0.304582 -0.002445
-3.02469 8.01 3.02936 0.348062 0.611669 -0.989924 0.141599 -0.00048
-3.06173 7.58751 -3.0664 0.549911 0.622626 -0.99847 0.055306 0.000207
-3.06173 7.58751 3.0664 0.346836 0.622626 -0.999576 0.029135 -0
-3.0355 7.92086 -3.0664 0.549911 0.613981 -0.981702 0.190425 -0.00048
-3.06173 7.58751 -3.0664 0.549911 0.622626 -0.99847 0.055306 0.000207
-3.02469 8.01 3.02936 0.348062 0.611669 -0.989924 0.141599 -0.00048
3.07939 7.58751 3.0664 0.144361 0.622626 0 0.043706 0.999044
-3.02469 8.01 3.02936 0.345615 0.611669 0 0.144714 0.989474
-3.06173 7.58751 3.0664 0.346836 0.622626 0 0.043706 0.999044
3.04235 8.01 3.02936 0.145583 0.611669 0 0.201805 0.979426
-3.02469 8.01 3.02936 0.345615 0.611669 0 0.144714 0.989474
3.07939 7.58751 3.0664 0.144361 0.622626 0 0.043706 0.999044
3.04235 8.01 3.02936 0.145583 0.611669 0 0.201805 0.979426
-2.91994 8.40222 2.92461 0.342161 0.601497 0 0.313503 0.949587
-3.02469 8.01 3.02936 0.345615 0.611669 0 0.144714 0.989474
2.9376 8.40222 2.92461 0.149038 0.601497 0 0.368105 0.929784
-2.91994 8.40222 2.92461 0.342161 0.601497 0 0.313503 0.949587
3.04235 8.01 3.02936 0.145583 0.611669 0 0.201805 0.979426
2.9376 8.40222 2.92461 0.149038 0.601497 0 0.368105 0.929784
-2.75825 8.75029 2.76292 0.33683 0.59247 0 0.473981 0.880535
-2.91994 8.40222 2.92461 0.342161 0.601497 0 0.313503 0.949587
2.77591 8.75029 2.76292 0.154369 0.59247 0 0.525204 0.850977
-2.75825 8.75029 2.76292 0.33683 0.59247 0 0.473981 0.880535
2.9376 8.40222 2.92461 0.149038 0.601497 0 0.368105 0.929784
2.77591 8.75029 2.76292 0.154369 0.59247 0 0.525204 0.850977
-2.55135 9.04513 2.55602 0.330009 0.584824 0 0.622405 0.782696
-2.75825 8.75029 2.76292 0.33683 0.59247 0 0.473981 0.880535
2.56901 9.04513 2.55602 0.161192 0.584824 0 0.668318 0.743876
-2.55135 9.04513 2.55602 0.330009 0.584824 0 0.622405 0.782696
2.77591 8.75029 2.76292 0.154369 0.59247 0 0.525204 0.850977
2.56901 9.04513 2.55602 0.161192 0.584824 0 0.668318 0.743876
-2.311 9.2824 2.31567 0.322085 0.578671 0 0.752273 0.658852
-2.55135 9.04513 2.55602 0.330009 0.584824 0 0.622405 0.782696
2.32866 9.2824 2.31567 0.169117 0.578671 0 0.79034 0.612669
-2.311 9.2824 2.31567 0.322085 0.578671 0 0.752273 0.658852
2.56901 9.04513 2.55602 0.161192 0.584824 0 0.668318 0.743876
2.32866 9.2824 2.31567 0.727459 0.388076 0 0.79034 0.612669
-2.04823 9.46209 2.0529 0.583294 0.39683 0 0.856304 0.516472
-2.311 9.2824 2.31567 0.574639 0.388077 0 0.752273 0.658852
2.06589 9.46209 2.0529 0.718804 0.39683 0 0.884453 0.466629
-2.04823 9.46209 2.0529 0.583294 0.39683 0 0.856304 0.516472
2.32866 9.2824 2.31567 0.727459 0.388076 0 0.79034 0.612669
2.06589 9.46209 2.0529 0.718804 0.39683 0 0.884453 0.466629
-1.77259 9.58797 1.77726 0.592373 0.406012 0 0.929861 0.367911
-2.04823 9.46209 2.0529 0.583294 0.39683 0 0.856304 0.516472
1.79025 9.58797 1.77726 0.709725 0.406012 0 0.947659 0.319283
-1.77259 9.58797 1.77726 0.592373 0.406012 0 0.929861 0.367911
2.06589 9.46209 2.0529 0.718804 0.39683 0 0.884453 0.466629
1.79025 9.58797 1.77726 0.709725 0.406012 0 0.947659 0.319283
-1.49155 9.66676 1.49622 0.601629 0.415374 0 0.973739 0.227668
-1.77259 9.58797 1.77726 0.592373 0.406012 0 0.929861 0.367911
1.50921 9.66676 1.49622 0.700468 0.415374 0 0.98276 0.184885
-1.49155 9.66676 1.49622 0.601629 0.415374 0 0.973739 0.227668
1.79025 9.58797 1.77726 0.709725 0.406012 0 0.947659 0.319283
1.50921 9.66676 1.49622 0.700468 0.415374 0 0.98276 0.184885
-1.21018 9.70707 1.21485 0.610897 0.424747 0 0.994129 0.108197
-1.49155 9.66676 1.49622 0.601629 0.415374 0 0.973739 0.227668
1.22784 9.70707 1.21485 0.6912 0.424747 0 0.997229 0.074398
-1.21018 9.70707 1.21485 0.610897 0.424747 0 0.994129 0.108197
1.50921 9.66676 1.49622 0.700468 0.415374 0 0.98276 0.184885
1.22784 9.70707 1.21485 0.6912 0.424747 0 0.997229 0.074398
-0.930834 9.71841 0.935504 0.620098 0.434053 -0.024405 0.99958 0.015648
-1.21018 9.70707 1.21485 0.610897 0.424747 0 0.994129 0.108197
0.948494 9.71841 0.935504 0.681999 0.434052 0.024403 0.999674 0.007531
-0.930834 9.71841 0.935504 0.620098 0.434053 -0.024405 0.99958 0.015648
1.22784 9.70707 1.21485 0.6912 0.424747 0 0.997229 0.074398
3.07939 7.58751 -3.0664 0.752186 0.622626 0.999139 0.041483 0.000155
3.04235 8.01 3.02936 0.955293 0.611669 0.989924 0.141598 -0.00048
3.07939 7.58751 3.0664 0.956527 0.622626 0.999044 0.043706 -0
3.05316 7.92086 -3.0664 0.752186 0.613981 0.981702 0.190425 -0.00048
3.04235 8.01 3.02936 0.955293 0.611669 0.989924 0.141598 -0.00048
3.07939 7.58751 -3.0664 0.752186 0.622626 0.999139 0.041483 0.000155
3.05316 7.92086 -3.0664 0.752186 0.613981 0.981702 0.190425 -0.00048
2.9376 8.40222 2.92461 0.951802 0.601497 0.952483 0.304582 -0.002445
3.04235 8.01 3.02936 0.955293 0.611669 0.989924 0.141598 -0.00048
2.9751 8.246 -3.0664 0.752186 0.605549 0.938089 0.346387 -0.002272
2.9376 8.40222 2.92461 0.951802 0.601497 0.952483 0.304582 -0.002445
3.05316 7.92086 -3.0664 0.752186 0.613981 0.981702 0.190425 -0.00048
2.9751 8.246 -3.0664 0.752186 0.605549 0.938089 0.346387 -0.002272
2.77591 8.75029 2.76292 0.946415 0.59247 0.888243 0.459342 -0.005309
2.9376 8.40222 2.92461 0.951802 0.601497 0.952483 0.304582 -0.002445
2.84714 8.55492 -3.0664 0.752186 0.597537 0.869569 0.49379 -0.004681
2.77591 8.75029 2.76292 0.946415 0.59247 0.888243 0.459342 -0.005309
2.9751 8.246 -3.0664 0.752186 0.605549 0.938089 0.346387 -0.002272
2.84714 8.55492 -3.0664 0.752186 0.597537 0.869569 0.49379 -0.004681
2.56901 9.04513 2.55602 0.939521 0.584824 0.798264 0.602248 -0.008421
2.77591 8.75029 2.76292 0.946415 0.59247 0.888243 0.459342 -0.005309
2.67243 8.84002 -3.0664 0.752186 0.590143 0.777629 0.628685 -0.006992
2.56901 9.04513 2.55602 0.939521 0.584824 0.798264 0.602248 -0.008421
2.84714 8.55492 -3.0664 0.752186 0.597537 0.869569 0.49379 -0.004681
2.67243 8.84002 -3.0664 0.752186 0.590143 0.777629 0.628685 -0.006992
2.32866 9.2824 2.31567 0.931513 0.578671 0.685107 0.728361 -0.010922
2.56901 9.04513 2.55602 0.939521 0.584824 0.798264 0.602248 -0.008421
2.45527 9.09428 -3.0664 0.752186 0.583549 0.665078 0.746727 -0.008422
2.32866 9.2824 2.31567 0.931513 0.578671 0.685107 0.728361 -0.010922
2.67243 8.84002 -3.0664 0.752186 0.590143 0.777629 0.628685 -0.006992
2.45527 9.09428 -3.0664 0.731629 0.567363 0.665078 0.746727 -0.008422
2.06589 9.46209 2.0529 0.718804 0.39683 0.554009 0.832425 -0.011942
2.32866 9.2824 2.31567 0.727459 0.388076 0.685107 0.728361 -0.010922
2.201 9.31144 -3.0664 0.723254 0.567363 0.536476 0.843875 -0.008349
2.06589 9.46209 2.0529 0.718804 0.39683 0.554009 0.832425 -0.011942
2.45527 9.09428 -3.0664 0.731629 0.567363 0.665078 0.746727 -0.008422
2.201 9.31144 -3.0664 0.723254 0.567363 0.536476 0.843875 -0.008349
1.79025 9.58797 1.77726 0.709725 0.406012 0.413194 0.910578 -0.010904
2.06589 9.46209 2.0529 0.718804 0.39683 0.554009 0.832425 -0.011942
1.9159 9.48616 -3.0664 0.713863 0.567363 0.398002 0.917361 -0.0066
1.79025 9.58797 1.77726 0.709725 0.406012 0.413194 0.910578 -0.010904
2.201 9.31144 -3.0664 0.723254 0.567363 0.536476 0.843875 -0.008349
1.9159 9.48616 -3.0664 0.713863 0.567363 0.398002 0.917361 -0.0066
1.50921 9.66676 1.49622 0.700468 0.415374 0.272788 0.962042 -0.007876
1.79025 9.58797 1.77726 0.709725 0.406012 0.413194 0.910578 -0.010904
1.60698 9.61412 -3.0664 0.703688 0.567363 0.256618 0.966506 -0.003717
1.50921 9.66676 1.49622 0.700468 0.415374 0.272788 0.962042 -0.007876
1.9159 9.48616 -3.0664 0.713863 0.567363 0.398002 0.917361 -0.0066
1.60698 9.61412 -3.0664 0.703688 0.567363 0.256618 0.966506 -0.003717
1.22784 9.70707 1.21485 0.6912 0.424747 0.142701 0.989758 -0.003866
1.50921 9.66676 1.49622 0.700468 0.415374 0.272788 0.962042 -0.007876
1.28184 9.69217 -3.0664 0.692979 0.567363 0.118876 0.992909 -0.001126
1.22784 9.70707 1.21485 0.6912 0.424747 0.142701 0.989758 -0.003866
1.60698 9.61412 -3.0664 0.703688 0.567363 0.256618 0.966506 -0.003717
1.28184 9.69217 -3.0664 0.692979 0.567363 0.118876 0.992909 -0.001126
0.948494 9.71841 0.935504 0.681999 0.434052 0.024403 0.999674 0.007531
1.22784 9.70707 1.21485 0.6912 0.424747 0.142701 0.989758 -0.003866
0.948494 9.71841 -3.0664 0.681999 0.567363 0.039259 0.999229 -0
0.948494 9.71841 0.935504 0.681999 0.434052 0.024403 0.999674 0.007531
1.28184 9.69217 -3.0664 0.692979 0.567363 0.118876 0.992909 -0.001126
-5.25161 5.45619 -3.0664 0.579692 0.11266 -0.695631 0.718398 -0.001246
-3.06173 7.5873 3.0664 0.421028 0.258996 -0.695631 0.718398 -0.001246
-3.06173 7.5873 -3.0664 0.484432 0.113544 -0.697426 0.716657 -0
-5.27985 5.45619 4.8008 0.471902 0.341655 -0.693831 0.720133 -0.002491
-3.06173 7.5873 3.0664 0.421028 0.258996 -0.695631 0.718398 -0.001246
-5.25161 5.45619 -3.0664 0.579692 0.11266 -0.695631 0.718398 -0.001246
-5.27985 5.45619 4.8008 0.471902 0.341655 0 0.631223 0.775602
3.07939 7.5873 3.0664 0.199313 0.284871 0 0.631223 0.775602
-3.06173 7.5873 3.0664 0.421028 0.258996 0 0.631223 0.775602
5.29751 5.45619 4.8008 0.171169 0.378357 0 0.631222 0.775602
3.07939 7.5873 3.0664 0.199313 0.284871 0 0.631223 0.775602
-5.27985 5.45619 4.8008 0.471902 0.341655 0 0.631223 0.775602
3.07939 7.5873 3.0664 0.199313 0.284871 0.695631 0.718398 -0.001246
5.26927 5.45619 -3.0664 0.015607 0.185194 0.695631 0.718398 -0.001246
3.07939 7.5873 -3.0664 0.081748 0.132787 0.697426 0.716657 -0
5.29751 5.45619 4.8008 0.171169 0.378357 0.693832 0.720133 -0.002491
5.26927 5.45619 -3.0664 0.015607 0.185194 0.695631 0.718398 -0.001246
3.07939 7.5873 3.0664 0.199313 0.284871 0.695631 0.718398 -0.001246
0.549911 0.703788 -4.31602e+008 0 1 0 0 1.06947e-041
3.86051e-034 8.22082e-039 8.22359e-039 8.2219e-039 8.22575e-039 9.88273e-032 8.22359e-039 8.59221e-039
-4.22017e+037 -1.9984e+018 -1.71939e-025 -4.22017e+037 -13.3032 -4.22017e+037 -1.9984e+018 -53.2138
0.346836 0.703788 -4.31602e+008 0 2.08513e-042 1.4013e-045 2.39622e-043 -4.22017e+037
3.86051e-034 8.22082e-039 8.22359e-039 8.2219e-039 8.22575e-039 9.88273e-032 8.22359e-039 8.59221e-039
0.549911 0.703788 -4.31602e+008 0 1 0 0 1.06947e-041
0 0 1.63111e-042 2.38221e-043 -4.22017e+037 4.2039e-045 2.8026e-045 1.4013e-045
0.752186 0.622631 -4.31602e+008 0 -1 1.4013e-044 2.8026e-045 1.4013e-045
0.752186 0.703788 -4.31602e+008 0 1 7.00649e-045 2.8026e-045 1.4013e-045
1.4013e-045 2.36819e-043 -4.22017e+037 0 -1 1.12104e-044 2.8026e-045 7.00649e-045
0.752186 0.622631 -4.31602e+008 0 -1 1.4013e-044 2.8026e-045 1.4013e-045
0 0 1.63111e-042 2.38221e-043 -4.22017e+037 4.2039e-045 2.8026e-045 1.4013e-045
-4.22017e+037 -1.9984e+018 -1.71939e-025 -4.22017e+037 -13.3032 4.2039e-045 9.80909e-045 8.40779e-045
1.4013e-045 2.36819e-043 -4.22017e+037 0 -1 5.60519e-045 2.8026e-045 4.2039e-045
0 0 1.63111e-042 0 -1 4.2039e-045 2.8026e-045 1.4013e-044
3.86051e-034 8.22082e-039 8.22359e-039 8.2219e-039 8.22575e-039 5.60519e-045 7.00649e-045 1.68156e-044
1.4013e-045 2.36819e-043 -4.22017e+037 0 -1 5.60519e-045 2.8026e-045 4.2039e-045
-4.22017e+037 -1.9984e+018 -1.71939e-025 -4.22017e+037 -13.3032 4.2039e-045 9.80909e-045 8.40779e-045
0.346836 0.703788 -4.31602e+008 0 2.08513e-042 8.40779e-045 7.00649e-045 5.60519e-045
1.4013e-045 2.36819e-043 -4.22017e+037 0 1 5.60519e-045 9.80909e-045 4.2039e-045
3.86051e-034 8.22082e-039 8.22359e-039 8.2219e-039 8.22575e-039 9.80909e-045 8.40779e-045 7.00649e-045
0.752186 0.622631 -4.31602e+008 -1 -0 1.12104e-044 8.40779e-045 9.80909e-045
1.4013e-045 2.36819e-043 -4.22017e+037 0 1 5.60519e-045 9.80909e-045 4.2039e-045
0.346836 0.703788 -4.31602e+008 0 2.08513e-042 8.40779e-045 7.00649e-045 5.60519e-045
0.752186 0.703788 -4.31602e+008 0 1 1.54143e-044 1.4013e-044 1.26117e-044
-4.22017e+037 -1.9984e+018 -1.71939e-025 -4.22017e+037 -13.3032 1.4013e-045 1.12104e-044 9.80909e-045
0 0 1.63111e-042 2.38221e-043 -4.22017e+037 1.4013e-045 5.60519e-045 4.2039e-045
0.549911 0.703788 -4.31602e+008 0 1 2.8026e-045 5.60519e-045 1.4013e-045
-4.22017e+037 -1.9984e+018 -1.71939e-025 -4.22017e+037 -13.3032 1.4013e-045 1.12104e-044 9.80909e-045
0.752186 0.703788 -4.31602e+008 0 1 1.54143e-044 1.4013e-044 1.26117e-044
0.144361 0.622631 -4.31602e+008 0 -0 1.12104e-044 5.60519e-045 2.8026e-045
0.549911 0.703788 -4.31602e+008 0 1 1.68156e-044 1.4013e-044 1.54143e-044
0.752186 0.703788 -4.31602e+008 0 1 2.8026e-045 1.12104e-044 1.4013e-045
0.345615 0.611669 -4.31602e+008 0 -0 4.2039e-045 1.26117e-044 2.8026e-045
0.549911 0.703788 -4.31602e+008 0 1 1.68156e-044 1.4013e-044 1.54143e-044
0.144361 0.622631 -4.31602e+008 0 -0 1.12104e-044 5.60519e-045 2.8026e-045
0.752186 0.703788 -4.31602e+008 0 1 1.82169e-044 1.26117e-044 4.2039e-045
0.588234 0.567363 -4.31602e+008 0 1 9.80909e-045 5.60519e-045 1.12104e-044
0.144361 0.622631 -4.31602e+008 0 -0 2.10195e-044 1.96182e-044 1.82169e-044
0.752186 0.622631 -4.31602e+008 0 -1 2.24208e-044 1.96182e-044 2.10195e-044
0.588234 0.567363 -4.31602e+008 0 1 9.80909e-045 5.60519e-045 1.12104e-044
0.752186 0.703788 -4.31602e+008 0 1 1.82169e-044 1.26117e-044 4.2039e-045
0.752186 0.613981 -4.31602e+008 0.190425 -0.00048 2.66247e-044 2.52234e-044 2.38221e-044
0.752186 0.622631 -4.31602e+008 -1 -0 1.68156e-044 1.4013e-045 5.60519e-045
0.346836 0.703788 -4.31602e+008 0 2.08513e-042 8.40779e-045 1.4013e-045 4.2039e-045
0.588234 0.567363 -4.31602e+008 0 -1 7.00649e-045 1.4013e-045 8.40779e-045
0.752186 0.622631 -4.31602e+008 -1 -0 1.68156e-044 1.4013e-045 5.60519e-045
0.752186 0.613981 -4.31602e+008 0.190425 -0.00048 2.66247e-044 2.52234e-044 2.38221e-044
0.345615 0.611669 -4.31602e+008 0 -0 1.4013e-044 1.4013e-045 1.68156e-044
0.346836 0.703788 -4.31602e+008 0 2.08513e-042 1.4013e-045 2.39622e-043 -4.22017e+037
0.549911 0.703788 -4.31602e+008 0 1 0 0 1.06947e-041
0.956527 0.622626 -4.31602e+008 0.141599 -0.00048 2.8026e-044 2.52234e-044 2.66247e-044
0.346836 0.703788 -4.31602e+008 0 2.08513e-042 1.4013e-045 2.39622e-043 -4.22017e+037
0.345615 0.611669 -4.31602e+008 0 -0 1.4013e-044 1.4013e-045 1.68156e-044
0.727459 0.388076 -4.31602e+008 0.346387 -0.002272 1.26117e-044 7.00649e-045 8.40779e-045
0.346836 0.703788 -4.31602e+008 0 2.08513e-042 1.4013e-045 2.39622e-043 -4.22017e+037
0.956527 0.622626 -4.31602e+008 0.141599 -0.00048 2.8026e-044 2.52234e-044 2.66247e-044
0.169117 0.578671 -4.31602e+008 0.304582 -0.002445 3.64338e-044 1.4013e-044 1.68156e-044
0.346836 0.703788 -4.31602e+008 0 2.08513e-042 1.4013e-045 2.39622e-043 -4.22017e+037
0.727459 0.388076 -4.31602e+008 0.346387 -0.002272 1.26117e-044 7.00649e-045 8.40779e-045
0.322085 0.578671 -4.31602e+008 0.493789 -0.004681 3.22299e-044 3.08286e-044 2.94273e-044
0.346836 0.703788 -4.31602e+008 0 2.08513e-042 1.4013e-045 2.39622e-043 -4.22017e+037
0.169117 0.578671 -4.31602e+008 0.304582 -0.002445 3.64338e-044 1.4013e-044 1.68156e-044
0.330009 0.584824 -4.31602e+008 0.459342 -0.005309 4.34403e-044 7.00649e-045 1.26117e-044
0.346836 0.703788 -4.31602e+008 0 2.08513e-042 1.4013e-045 2.39622e-043 -4.22017e+037
0.322085 0.578671 -4.31602e+008 0.493789 -0.004681 3.22299e-044 3.08286e-044 2.94273e-044
0.161192 0.584824 -4.31602e+008 0.628685 -0.006993 3.50325e-044 1.4013e-044 3.64338e-044
0.346836 0.703788 -4.31602e+008 0 2.08513e-042 1.4013e-045 2.39622e-043 -4.22017e+037
0.330009 0.584824 -4.31602e+008 0.459342 -0.005309 4.34403e-044 7.00649e-045 1.26117e-044
0.33683 0.59247 -4.31602e+008 0.602248 -0.008421 3.36312e-044 3.08286e-044 3.22299e-044
0.346836 0.703788 -4.31602e+008 0 2.08513e-042 1.4013e-045 2.39622e-043 -4.22017e+037
0.161192 0.584824 -4.31602e+008 0.628685 -0.006993 3.50325e-044 1.4013e-044 3.64338e-044
0.154369 0.59247 -4.31602e+008 0.746727 -0.008422 8.40779e-045 2.8026e-044 1.26117e-044
0.346836 0.703788 -4.31602e+008 0 2.08513e-042 1.4013e-045 2.39622e-043 -4.22017e+037
0.33683 0.59247 -4.31602e+008 0.602248 -0.008421 3.36312e-044 3.08286e-044 3.22299e-044
0.342161 0.601497 -4.31602e+008 0.728361 -0.010922 1.68156e-044 1.54143e-044 3.64338e-044
0.346836 0.703788 -4.31602e+008 0 2.08513e-042 1.4013e-045 2.39622e-043 -4.22017e+037
0.154369 0.59247 -4.31602e+008 0.746727 -0.008422 8.40779e-045 2.8026e-044 1.26117e-044
0.149038 0.601497 -4.31602e+008 0.843875 -0.008349 3.78351e-044 3.64338e-044 3.50325e-044
0.346836 0.703788 -4.31602e+008 0 2.08513e-042 1.4013e-045 2.39622e-043 -4.22017e+037
0.342161 0.601497 -4.31602e+008 0.728361 -0.010922 1.68156e-044 1.54143e-044 3.64338e-044
0.692979 0.567363 -4.31602e+008 0 -1 9.80909e-045 2.8026e-044 8.40779e-045
0.346836 0.703788 -4.31602e+008 0 2.08513e-042 1.4013e-045 2.39622e-043 -4.22017e+037
0.149038 0.601497 -4.31602e+008 0.843875 -0.008349 3.78351e-044 3.64338e-044 3.50325e-044
0.703688 0.567363 -4.31602e+008 0.752273 0.658852 7.00649e-045 1.54143e-044 1.68156e-044
0.346836 0.703788 -4.31602e+008 0 2.08513e-042 1.4013e-045 2.39622e-043 -4.22017e+037
0.692979 0.567363 -4.31602e+008 0 -1 9.80909e-045 2.8026e-044 8.40779e-045
0.713863 0.567363 -4.31602e+008 0.668318 0.743876 3.92364e-044 3.64338e-044 3.78351e-044
0.346836 0.703788 -4.31602e+008 0 2.08513e-042 1.4013e-045 2.39622e-043 -4.22017e+037
0.703688 0.567363 -4.31602e+008 0.752273 0.658852 7.00649e-045 1.54143e-044 1.68156e-044
0.731629 0.567363 -4.31602e+008 0.622405 0.782696 5.88545e-044 9.80909e-045 1.12104e-044
0.346836 0.703788 -4.31602e+008 0 2.08513e-042 1.4013e-045 2.39622e-043 -4.22017e+037
0.713863 0.567363 -4.31602e+008 0.668318 0.743876 3.92364e-044 3.64338e-044 3.78351e-044
0.723254 0.567363 -4.31602e+008 0.525204 0.850977 1.12104e-043 1.82169e-044 4.2039e-045
0.346836 0.703788 -4.31602e+008 0 2.08513e-042 1.4013e-045 2.39622e-043 -4.22017e+037
0.731629 0.567363 -4.31602e+008 0.622405 0.782696 5.88545e-044 9.80909e-045 1.12104e-044
0.752186 0.583549 -4.31602e+008 0.473981 0.880535 4.34403e-044 4.2039e-044 4.06377e-044
0.346836 0.703788 -4.31602e+008 0 2.08513e-042 1.4013e-045 2.39622e-043 -4.22017e+037
0.723254 0.567363 -4.31602e+008 0.525204 0.850977 1.12104e-043 1.82169e-044 4.2039e-045
0.931513 0.578671 -4.31602e+008 0.368105 0.929784 2.8026e-044 9.80909e-045 5.88545e-044
0.346836 0.703788 -4.31602e+008 0 2.08513e-042 1.4013e-045 2.39622e-043 -4.22017e+037
0.752186 0.583549 -4.31602e+008 0.473981 0.880535 4.34403e-044 4.2039e-044 4.06377e-044
0.752186 0.590143 -4.31602e+008 0.313503 0.949587 5.1848e-044 1.82169e-044 1.12104e-043
0.346836 0.703788 -4.31602e+008 0 2.08513e-042 1.4013e-045 2.39622e-043 -4.22017e+037
0.931513 0.578671 -4.31602e+008 0.368105 0.929784 2.8026e-044 9.80909e-045 5.88545e-044
0.752186 0.590143 -4.31602e+008 0.313503 0.949587 5.1848e-044 1.82169e-044 1.12104e-043
0.752186 0.613981 -4.31602e+008 0.190425 -0.00048 4.48416e-044 4.2039e-044 4.34403e-044
0.346836 0.703788 -4.31602e+008 0 2.08513e-042 1.4013e-045 2.39622e-043 -4.22017e+037
0.752186 0.590143 -4.31602e+008 0.313503 0.949587 5.1848e-044 1.82169e-044 1.12104e-043
0.752186 0.605549 -4.31602e+008 0.144714 0.989474 4.34403e-044 1.12104e-044 7.00649e-045
0.752186 0.613981 -4.31602e+008 0.190425 -0.00048 4.48416e-044 4.2039e-044 4.34403e-044
0.752186 0.590143 -4.31602e+008 0.313503 0.949587 5.1848e-044 1.82169e-044 1.12104e-043
0.752186 0.597537 -4.31602e+008 0.201805 0.979426 3.50325e-044 4.2039e-045 1.4013e-044
0.752186 0.605549 -4.31602e+008 0.144714 0.989474 4.34403e-044 1.12104e-044 7.00649e-045
0.149038 0.601497 -4.31602e+008 0.843875 -0.008349 1.10703e-043 4.2039e-045 3.50325e-044
0.346836 0.622626 -4.31602e+008 0.832425 -0.011942 5.74532e-044 1.12104e-044 4.34403e-044
0.692979 0.567363 -4.31602e+008 0 -1 4.62428e-044 5.60519e-045 4.2039e-045
0.598409 0.567363 -4.31602e+008 0.999229 -0 4.76441e-044 5.60519e-045 4.62428e-044
0.346836 0.622626 -4.31602e+008 0.832425 -0.011942 5.74532e-044 1.12104e-044 4.34403e-044
0.149038 0.601497 -4.31602e+008 0.843875 -0.008349 1.10703e-043 4.2039e-045 3.50325e-044
0.598409 0.567363 -4.31602e+008 0.999229 -0 4.76441e-044 5.60519e-045 4.62428e-044
0.342161 0.601497 -4.31602e+008 -1 -0 1.09301e-043 4.2039e-045 1.10703e-043
0.609119 0.567363 -4.31602e+008 0 -1 5.60519e-044 1.12104e-044 5.74532e-044
0.149038 0.601497 -4.31602e+008 0.843875 -0.008349 1.10703e-043 4.2039e-045 3.50325e-044
0.342161 0.601497 -4.31602e+008 -1 -0 1.09301e-043 4.2039e-045 1.10703e-043
0.598409 0.567363 -4.31602e+008 0.999229 -0 4.76441e-044 5.60519e-045 4.62428e-044
0.609119 0.567363 -4.31602e+008 0 -1 5.60519e-044 1.12104e-044 5.74532e-044
0.154369 0.59247 -4.31602e+008 -1 -0 5.46506e-044 1.12104e-044 5.60519e-044
0.956527 0.622631 -4.31602e+008 0 -1 4.90454e-044 5.60519e-045 4.76441e-044
0.342161 0.601497 -4.31602e+008 -1 -0 1.09301e-043 4.2039e-045 1.10703e-043
0.154369 0.59247 -4.31602e+008 -1 -0 5.46506e-044 1.12104e-044 5.60519e-044
0.609119 0.567363 -4.31602e+008 0 -1 5.60519e-044 1.12104e-044 5.74532e-044
0.956527 0.622631 -4.31602e+008 0 -1 4.90454e-044 5.60519e-045 4.76441e-044
0.33683 0.59247 -4.31602e+008 -1 -0 5.04467e-044 5.60519e-045 4.90454e-044
0.346836 0.622631 -4.31602e+008 0 -1 1.079e-043 4.2039e-045 1.09301e-043
0.154369 0.59247 -4.31602e+008 -1 -0 5.46506e-044 1.12104e-044 5.60519e-044
0.33683 0.59247 -4.31602e+008 -1 -0 5.04467e-044 5.60519e-045 4.90454e-044
0.956527 0.622631 -4.31602e+008 0 -1 4.90454e-044 5.60519e-045 4.76441e-044
0.346836 0.622631 -4.31602e+008 0 -1 1.079e-043 4.2039e-045 1.09301e-043
0.161192 0.584824 -4.31602e+008 0 -0 1.06499e-043 4.2039e-045 1.079e-043
0.144361 0.622626 -4.31602e+008 0 -1 5.32493e-044 1.12104e-044 5.46506e-044
0.33683 0.59247 -4.31602e+008 -1 -0 5.04467e-044 5.60519e-045 4.90454e-044
0.161192 0.584824 -4.31602e+008 0 -0 1.06499e-043 4.2039e-045 1.079e-043
0.346836 0.622631 -4.31602e+008 0 -1 1.079e-043 4.2039e-045 1.09301e-043
0.144361 0.622626 -4.31602e+008 0 -1 5.32493e-044 1.12104e-044 5.46506e-044
0.330009 0.584824 -4.31602e+008 0 -0 5.1848e-044 1.12104e-044 5.32493e-044
0.549911 0.622631 -4.31602e+008 0 -0 5.1848e-044 5.60519e-045 5.04467e-044
0.161192 0.584824 -4.31602e+008 0 -0 1.06499e-043 4.2039e-045 1.079e-043
0.330009 0.584824 -4.31602e+008 0 -0 5.1848e-044 1.12104e-044 5.32493e-044
0.144361 0.622626 -4.31602e+008 0 -1 5.32493e-044 1.12104e-044 5.46506e-044
0.549911 0.622631 -4.31602e+008 0 -1 5.1848e-044 5.60519e-045 5.04467e-044
0.322085 0.578671 -4.31602e+008 0 -0 5.32493e-044 5.60519e-045 5.1848e-044
0.956526 0.703788 -4.31602e+008 0 -1 1.05097e-043 4.2039e-045 1.06499e-043
0.330009 0.584824 -4.31602e+008 0 -0 5.1848e-044 1.12104e-044 5.32493e-044
0.322085 0.578671 -4.31602e+008 0 -0 5.32493e-044 5.60519e-045 5.1848e-044
0.549911 0.622631 -4.31602e+008 0 -1 5.1848e-044 5.60519e-045 5.04467e-044
0.956526 0.703788 -4.31602e+008 0 -1 1.05097e-043 4.2039e-045 1.06499e-043
0.169117 0.578671 -4.31602e+008 0 -0 1.03696e-043 4.2039e-045 1.05097e-043
0.752186 0.909666 -4.31602e+008 0 -1 5.04467e-044 1.12104e-044 5.1848e-044
0.322085 0.578671 -4.31602e+008 0 -0 5.32493e-044 5.60519e-045 5.1848e-044
0.169117 0.578671 -4.31602e+008 0 -0 1.03696e-043 4.2039e-045 1.05097e-043
0.956526 0.703788 -4.31602e+008 0 -1 1.05097e-043 4.2039e-045 1.06499e-043
0.752186 0.909666 -4.31602e+008 0 -1 5.04467e-044 1.12104e-044 5.1848e-044
0.727459 0.388076 -4.31602e+008 0 -0 4.90454e-044 1.12104e-044 5.04467e-044
0.549911 0.909666 -4.31602e+008 0 -1 5.46506e-044 5.60519e-045 5.32493e-044
0.169117 0.578671 -4.31602e+008 0 -0 1.03696e-043 4.2039e-045 1.05097e-043
0.727459 0.388076 -4.31602e+008 0 -0 4.90454e-044 1.12104e-044 5.04467e-044
0.752186 0.909666 -4.31602e+008 0 -1 5.04467e-044 1.12104e-044 5.1848e-044
0.549911 0.909666 -4.31602e+008 0 -1 5.46506e-044 5.60519e-045 5.32493e-044
0.956527 0.622626 -4.31602e+008 0 -0 5.60519e-044 5.60519e-045 5.46506e-044
0.144352 0.703788 -4.31602e+008 0 -1 1.02295e-043 4.2039e-045 1.03696e-043
0.727459 0.388076 -4.31602e+008 0 -0 4.90454e-044 1.12104e-044 5.04467e-044
0.956527 0.622626 -4.31602e+008 0 -0 5.60519e-044 5.60519e-045 5.46506e-044
0.549911 0.909666 -4.31602e+008 0 -1 5.46506e-044 5.60519e-045 5.32493e-044
0.144352 0.703788 -4.31602e+008 0 -1 1.02295e-043 4.2039e-045 1.03696e-043
0.345615 0.611669 -4.31602e+008 0 -0 4.2039e-045 1.26117e-044 2.8026e-045
0.144361 0.622631 -4.31602e+008 0 -0 1.12104e-044 5.60519e-045 2.8026e-045
0.956527 0.622626 -4.31602e+008 0 -0 5.60519e-044 5.60519e-045 5.46506e-044
0.345615 0.611669 -4.31602e+008 0 -0 4.2039e-045 1.26117e-044 2.8026e-045
0.144352 0.703788 -4.31602e+008 0 -1 1.02295e-043 4.2039e-045 1.03696e-043
0.588234 0.567363 -4.31602e+008 0 1 9.80909e-045 5.60519e-045 1.12104e-044
0.144352 0.703788 -4.31602e+008 0.029135 -0 4.76441e-044 1.12104e-044 4.90454e-044
0.144361 0.622631 -4.31602e+008 0 -0 2.10195e-044 1.96182e-044 1.82169e-044
0.578843 0.567363 -4.31602e+008 0.999674 0.007531 1.00893e-043 4.2039e-045 1.02295e-043
0.144352 0.703788 -4.31602e+008 0.029135 -0 4.76441e-044 1.12104e-044 4.90454e-044
0.588234 0.567363 -4.31602e+008 0 1 9.80909e-045 5.60519e-045 1.12104e-044
0.578843 0.567363 -4.31602e+008 0.999674 0.007531 1.00893e-043 4.2039e-045 1.02295e-043
0.549911 0.909666 -4.31602e+008 0.043706 0.999044 5.74532e-044 5.60519e-045 5.60519e-044
0.144352 0.703788 -4.31602e+008 0.029135 -0 4.76441e-044 1.12104e-044 4.90454e-044
0.574639 0.388077 -4.31602e+008 0.055306 0.000207 4.62428e-044 1.12104e-044 4.76441e-044
0.549911 0.909666 -4.31602e+008 0.043706 0.999044 5.74532e-044 5.60519e-045 5.60519e-044
0.578843 0.567363 -4.31602e+008 0.999674 0.007531 1.00893e-043 4.2039e-045 1.02295e-043
0.574639 0.388077 -4.31602e+008 0.055306 0.000207 4.62428e-044 1.12104e-044 4.76441e-044
0.752186 0.909666 -4.31602e+008 0 1 9.94922e-044 4.2039e-045 1.00893e-043
0.549911 0.909666 -4.31602e+008 0.043706 0.999044 5.74532e-044 5.60519e-045 5.60519e-044
0.570468 0.567363 -4.31602e+008 0.043706 0.999044 5.88545e-044 5.60519e-045 5.74532e-044
0.752186 0.909666 -4.31602e+008 0 1 9.94922e-044 4.2039e-045 1.00893e-043
0.574639 0.388077 -4.31602e+008 0.055306 0.000207 4.62428e-044 1.12104e-044 4.76441e-044
0.570468 0.567363 -4.31602e+008 0.043706 0.999044 5.88545e-044 5.60519e-045 5.74532e-044
0.956526 0.703788 -4.31602e+008 0 -0 4.48416e-044 1.12104e-044 4.62428e-044
0.752186 0.909666 -4.31602e+008 0 1 9.94922e-044 4.2039e-045 1.00893e-043
0.549911 0.590143 -4.31602e+008 0 1 9.80909e-044 4.2039e-045 9.94922e-044
0.956526 0.703788 -4.31602e+008 0 -0 4.48416e-044 1.12104e-044 4.62428e-044
0.570468 0.567363 -4.31602e+008 0.043706 0.999044 5.88545e-044 5.60519e-045 5.74532e-044
0.549911 0.590143 -4.31602e+008 0 1 9.80909e-044 4.2039e-045 9.94922e-044
0.549911 0.622631 -4.31602e+008 0 -0 6.02558e-044 5.60519e-045 5.88545e-044
0.956526 0.703788 -4.31602e+008 0 -0 4.48416e-044 1.12104e-044 4.62428e-044
0.549911 0.583549 -4.31602e+008 0.041483 0.000155 7.28675e-044 1.12104e-044 4.48416e-044
0.549911 0.622631 -4.31602e+008 0 -0 6.02558e-044 5.60519e-045 5.88545e-044
0.549911 0.590143 -4.31602e+008 0 1 9.80909e-044 4.2039e-045 9.94922e-044
0.549911 0.583549 -4.31602e+008 0.043706 -0 7.28675e-044 1.12104e-044 4.48416e-044
0.144361 0.622626 -4.31602e+008 0 -1 6.86636e-044 4.2039e-045 9.80909e-044
0.549911 0.622631 -4.31602e+008 0 -0 6.02558e-044 5.60519e-045 5.88545e-044
0.549911 0.597537 -4.31602e+008 0.962042 -0.007876 6.16571e-044 5.60519e-045 6.02558e-044
0.144361 0.622626 -4.31602e+008 0 -1 6.86636e-044 4.2039e-045 9.80909e-044
0.549911 0.583549 -4.31602e+008 0.043706 -0 7.28675e-044 1.12104e-044 4.48416e-044
0.549911 0.597537 -4.31602e+008 0.962042 -0.007876 6.16571e-044 5.60519e-045 6.02558e-044
0.346836 0.622631 -4.31602e+008 0 -1 7.14662e-044 1.12104e-044 7.28675e-044
0.144361 0.622626 -4.31602e+008 0 -1 6.86636e-044 4.2039e-045 9.80909e-044
0.549911 0.605549 -4.31602e+008 0.966506 -0.003717 1.24716e-043 4.2039e-045 6.86636e-044
0.346836 0.622631 -4.31602e+008 0 -1 7.14662e-044 1.12104e-044 7.28675e-044
0.549911 0.597537 -4.31602e+008 0.962042 -0.007876 6.16571e-044 5.60519e-045 6.02558e-044
0.549911 0.605549 -4.31602e+008 0.966506 -0.003717 1.24716e-043 4.2039e-045 6.86636e-044
0.956527 0.622631 -4.31602e+008 0 -1 6.30584e-044 5.60519e-045 6.16571e-044
0.346836 0.622631 -4.31602e+008 0 -1 7.14662e-044 1.12104e-044 7.28675e-044
0.549911 0.613981 -4.31602e+008 0.910578 -0.010904 7.00649e-044 1.12104e-044 7.14662e-044
0.956527 0.622631 -4.31602e+008 0 -1 6.30584e-044 5.60519e-045 6.16571e-044
0.549911 0.605549 -4.31602e+008 0.966506 -0.003717 1.24716e-043 4.2039e-045 6.86636e-044
0.549911 0.613981 -4.31602e+008 0.910578 -0.010904 7.00649e-044 1.12104e-044 7.14662e-044
0.609119 0.567363 -4.31602e+008 0 -1 1.23314e-043 4.2039e-045 1.24716e-043
0.956527 0.622631 -4.31602e+008 0 -1 6.30584e-044 5.60519e-045 6.16571e-044
0.549911 0.622626 -4.31602e+008 0.917361 -0.0066 6.44597e-044 5.60519e-045 6.30584e-044
0.609119 0.567363 -4.31602e+008 0 -1 1.23314e-043 4.2039e-045 1.24716e-043
0.549911 0.613981 -4.31602e+008 0.910578 -0.010904 7.00649e-044 1.12104e-044 7.14662e-044
0.549911 0.622626 -4.31602e+008 0.917361 -0.0066 6.44597e-044 5.60519e-045 6.30584e-044
0.598409 0.567363 -4.31602e+008 0.999229 -0 4.76441e-044 5.60519e-045 4.62428e-044
0.609119 0.567363 -4.31602e+008 0 -1 1.23314e-043 4.2039e-045 1.24716e-043
0.346836 0.622626 -4.31602e+008 0.832425 -0.011942 5.74532e-044 1.12104e-044 4.34403e-044
0.598409 0.567363 -4.31602e+008 0.999229 -0 4.76441e-044 5.60519e-045 4.62428e-044
0.549911 0.622626 -4.31602e+008 0.917361 -0.0066 6.44597e-044 5.60519e-045 6.30584e-044
0.752186 0.613981 -4.31602e+008 0.190425 -0.00048 2.66247e-044 2.52234e-044 2.38221e-044
0.578843 0.567363 -4.31602e+008 0.999658 -0 6.86636e-044 1.12104e-044 7.00649e-044
0.588234 0.567363 -4.31602e+008 0 -1 7.00649e-045 1.4013e-045 8.40779e-045
0.752186 0.605549 -4.31602e+008 0 -1 1.21913e-043 4.2039e-045 1.23314e-043
0.578843 0.567363 -4.31602e+008 0.999658 -0 6.86636e-044 1.12104e-044 7.00649e-044
0.752186 0.613981 -4.31602e+008 0.190425 -0.00048 2.66247e-044 2.52234e-044 2.38221e-044
0.752186 0.605549 -4.31602e+008 0 -1 1.21913e-043 4.2039e-045 1.23314e-043
0.574639 0.388077 -4.31602e+008 0.99958 0.015648 6.5861e-044 5.60519e-045 6.44597e-044
0.578843 0.567363 -4.31602e+008 0.999658 -0 6.86636e-044 1.12104e-044 7.00649e-044
0.752186 0.597537 -4.31602e+008 0 -1 6.72623e-044 1.12104e-044 6.86636e-044
0.574639 0.388077 -4.31602e+008 0.99958 0.015648 6.5861e-044 5.60519e-045 6.44597e-044
0.752186 0.605549 -4.31602e+008 0 -1 1.21913e-043 4.2039e-045 1.23314e-043
0.752186 0.597537 -4.31602e+008 0 -1 6.72623e-044 1.12104e-044 6.86636e-044
0.570468 0.567363 -4.31602e+008 0.989758 -0.003866 1.20512e-043 4.2039e-045 1.21913e-043
0.574639 0.388077 -4.31602e+008 0.99958 0.015648 6.5861e-044 5.60519e-045 6.44597e-044
0.752186 0.590143 -4.31602e+008 0 -1 6.72623e-044 5.60519e-045 6.5861e-044
0.570468 0.567363 -4.31602e+008 0.989758 -0.003866 1.20512e-043 4.2039e-045 1.21913e-043
0.752186 0.597537 -4.31602e+008 0 -1 6.72623e-044 1.12104e-044 6.86636e-044
0.752186 0.590143 -4.31602e+008 0 -1 6.72623e-044 5.60519e-045 6.5861e-044
0.549911 0.590143 -4.31602e+008 0.992909 -0.001126 6.5861e-044 1.12104e-044 6.72623e-044
0.570468 0.567363 -4.31602e+008 0.989758 -0.003866 1.20512e-043 4.2039e-045 1.21913e-043
0.931513 0.578671 -4.31602e+008 0 -1 1.1911e-043 4.2039e-045 1.20512e-043
0.549911 0.590143 -4.31602e+008 0.992909 -0.001126 6.5861e-044 1.12104e-044 6.72623e-044
0.752186 0.590143 -4.31602e+008 0 -1 6.72623e-044 5.60519e-045 6.5861e-044
0.931513 0.578671 -4.31602e+008 0 -1 1.1911e-043 4.2039e-045 1.20512e-043
0.549911 0.583549 -4.31602e+008 0 -1 6.86636e-044 5.60519e-045 6.72623e-044
0.549911 0.590143 -4.31602e+008 0.992909 -0.001126 6.5861e-044 1.12104e-044 6.72623e-044
0.752186 0.583549 -4.31602e+008 0 -1 6.44597e-044 1.12104e-044 6.5861e-044
0.549911 0.583549 -4.31602e+008 0 -1 6.86636e-044 5.60519e-045 6.72623e-044
0.931513 0.578671 -4.31602e+008 0 -1 1.1911e-043 4.2039e-045 1.20512e-043
0.752186 0.583549 -4.31602e+008 0 -1 6.44597e-044 1.12104e-044 6.5861e-044
0.549911 0.597537 -4.31602e+008 0.962042 -0.007876 1.17709e-043 4.2039e-045 1.1911e-043
0.549911 0.583549 -4.31602e+008 0.043706 -0 6.86636e-044 5.60519e-045 6.72623e-044
0.723254 0.567363 -4.31602e+008 0 -1 7.00649e-044 5.60519e-045 6.86636e-044
0.549911 0.597537 -4.31602e+008 0.962042 -0.007876 1.17709e-043 4.2039e-045 1.1911e-043
0.752186 0.583549 -4.31602e+008 0 -1 6.44597e-044 1.12104e-044 6.5861e-044
0.723254 0.567363 -4.31602e+008 0 -1 7.00649e-044 5.60519e-045 6.86636e-044
0.549911 0.605549 -4.31602e+008 0.966506 -0.003717 6.30584e-044 1.12104e-044 6.44597e-044
0.549911 0.597537 -4.31602e+008 0.962042 -0.007876 1.17709e-043 4.2039e-045 1.1911e-043
0.731629 0.567363 -4.31602e+008 0 -1 1.16308e-043 4.2039e-045 1.17709e-043
0.549911 0.605549 -4.31602e+008 0.966506 -0.003717 6.30584e-044 1.12104e-044 6.44597e-044
0.723254 0.567363 -4.31602e+008 0 -1 7.00649e-044 5.60519e-045 6.86636e-044
0.731629 0.567363 -4.31602e+008 0 -1 1.16308e-043 4.2039e-045 1.17709e-043
0.549911 0.613981 -4.31602e+008 0.910578 -0.010904 7.14662e-044 5.60519e-045 7.00649e-044
0.549911 0.605549 -4.31602e+008 0.966506 -0.003717 6.30584e-044 1.12104e-044 6.44597e-044
0.713863 0.567363 -4.31602e+008 0 -1 6.30584e-044 5.88545e-044 1.12104e-044
0.549911 0.613981 -4.31602e+008 0.910578 -0.010904 7.14662e-044 5.60519e-045 7.00649e-044
0.731629 0.567363 -4.31602e+008 0 -1 1.16308e-043 4.2039e-045 1.17709e-043
0.713863 0.567363 -4.31602e+008 0 -1 6.30584e-044 5.88545e-044 1.12104e-044
0.549911 0.622626 -4.31602e+008 0.917361 -0.0066 1.16308e-043 1.12104e-043 4.2039e-045
0.549911 0.613981 -4.31602e+008 0.910578 -0.010904 7.14662e-044 5.60519e-045 7.00649e-044
0.703688 0.567363 -4.31602e+008 0 -1 7.14662e-044 7.28675e-044 5.60519e-045
0.549911 0.622626 -4.31602e+008 0.917361 -0.0066 1.16308e-043 1.12104e-043 4.2039e-045
0.713863 0.567363 -4.31602e+008 0 -1 6.30584e-044 5.88545e-044 1.12104e-044
0.703688 0.567363 -4.31602e+008 0 -1 7.14662e-044 7.28675e-044 5.60519e-045
0.346836 0.622626 -4.31602e+008 0.832425 -0.011942 5.74532e-044 1.12104e-044 4.34403e-044
0.549911 0.622626 -4.31602e+008 0.917361 -0.0066 1.16308e-043 1.12104e-043 4.2039e-045
0.692979 0.567363 -4.31602e+008 0 -1 4.62428e-044 5.60519e-045 4.2039e-045
0.346836 0.622626 -4.31602e+008 0.832425 -0.011942 5.74532e-044 1.12104e-044 4.34403e-044
0.703688 0.567363 -4.31602e+008 0 -1 7.14662e-044 7.28675e-044 5.60519e-045
0.681999 0.567363 -4.31602e+008 0.929861 0.367911 7.14662e-044 7.42688e-044 7.28675e-044
0.371695 0.578671 -4.31602e+008 0.856304 0.516472 1.16308e-043 1.13505e-043 1.12104e-043
0.363736 0.584824 -4.31602e+008 0.79034 0.612669 6.30584e-044 6.02558e-044 5.88545e-044
0.348062 0.611669 -4.31602e+008 0.884453 0.466629 6.30584e-044 6.16571e-044 6.02558e-044
0.371695 0.578671 -4.31602e+008 0.856304 0.516472 1.16308e-043 1.13505e-043 1.12104e-043
0.681999 0.567363 -4.31602e+008 0.929861 0.367911 7.14662e-044 7.42688e-044 7.28675e-044
0.348062 0.611669 -4.31602e+008 0.884453 0.466629 4.48416e-044 4.2039e-044 7.28675e-044
0.583294 0.39683 -4.31602e+008 0.947659 0.319283 7.14662e-044 7.56701e-044 7.42688e-044
0.371695 0.578671 -4.31602e+008 0.856304 0.516472 1.16308e-043 1.14906e-043 1.13505e-043
0.351531 0.601497 -4.31602e+008 0.973739 0.227668 9.80909e-044 9.66896e-044 6.86636e-044
0.583294 0.39683 -4.31602e+008 0.947659 0.319283 7.14662e-044 7.56701e-044 7.42688e-044
0.348062 0.611669 -4.31602e+008 0.884453 0.466629 4.48416e-044 4.2039e-044 7.28675e-044
0.583294 0.39683 -4.31602e+008 0.947659 0.319283 8.26766e-044 9.66896e-044 9.80909e-044
0.356885 0.59247 -4.31602e+008 0.994129 0.108197 2.66247e-044 4.2039e-044 4.48416e-044
0.592373 0.406012 -4.31602e+008 0.98276 0.184885 7.9874e-044 7.84727e-044 7.70714e-044
0.351531 0.601497 -4.31602e+008 0.973739 0.227668 8.12753e-044 7.84727e-044 7.9874e-044
0.356885 0.59247 -4.31602e+008 0.994129 0.108197 2.66247e-044 4.2039e-044 4.48416e-044
0.583294 0.39683 -4.31602e+008 0.947659 0.319283 8.26766e-044 9.66896e-044 9.80909e-044
